1050
738 46
667 96
545 32
549 10
793 32
781 96
82 32
887 32
587 32
451 32
336 32
924 10
645 32
516 32
840 39
414 92
756 47
1014 32
618 96
2 32
34 32
535 32
622 32
900 92
728 32
254 44
382 46
220 32
960 32
1019 10
154 32
594 32
950 32
216 111
27 32
592 32
323 45
948 32
706 47
528 32
184 32
817 32
801 32
298 100
926 32
185 92
12 32
836 32
20 95
499 32
376 32
177 32
671 45
625 124
914 32
700 95
1008 32
230 39
464 32
487 32
509 32
878 32
194 92
377 59
353 32
347 32
701 95
988 32
699 58
38 32
819 32
316 10
902 32
580 32
881 47
906 32
1036 46
519 32
548 32
1013 32
429 32
964 32
849 32
472 32
609 32
31 32
707 32
579 32
281 45
879 32
995 32
60 32
76 32
430 124
201 111
381 45
934 32
863 32
691 32
814 32
538 32
935 92
434 32
142 32
899 32
555 39
120 32
826 45
987 39
365 44
915 32
168 32
606 34
529 32
773 32
745 124
754 32
714 124
58 32
569 32
173 32
269 32
984 32
536 41
388 32
845 32
416 32
69 32
978 32
11 32
866 32
669 96
165 32
687 39
42 32
1016 44
255 56
296 32
449 32
1006 32
843 32
982 32
531 32
844 32
265 32
333 32
470 32
933 32
19 32
465 32
873 32
456 96
96 45
521 32
927 32
147 44
5 32
690 32
859 32
445 45
649 32
833 32
175 92
766 32
308 39
489 32
305 32
724 32
148 46
971 32
211 44
359 32
270 32
870 32
83 32
758 32
394 32
646 32
494 32
586 124
90 32
411 32
554 46
443 96
530 32
109 32
678 32
332 96
131 32
635 32
986 44
786 95
912 32
55 32
624 32
751 32
222 32
676 32
577 46
113 44
338 39
119 32
331 32
153 32
393 10
1047 32
867 32
326 32
461 32
217 46
585 32
132 32
77 32
802 32
875 32
682 32
837 32
37 32
627 46
1037 95
41 32
936 32
904 96
409 32
171 32
810 32
85 96
150 32
702 46
471 10
117 32
959 32
798 44
652 32
600 39
39 32
107 32
660 32
733 45
1031 32
14 32
249 46
223 32
858 32
52 96
831 32
752 32
97 46
235 32
1023 32
619 32
44 44
118 32
289 32
53 46
486 32
777 95
561 32
362 32
1033 32
918 32
419 95
954 32
621 32
408 39
17 32
415 32
327 32
355 32
237 41
946 32
958 32
989 10
29 32
668 46
138 41
632 32
144 32
563 46
208 32
260 34
967 32
804 32
721 32
7 32
103 32
717 92
1012 32
674 45
272 45
295 32
588 10
822 45
345 32
830 32
664 32
70 32
189 32
821 96
851 32
534 32
273 45
825 45
467 32
850 32
743 124
774 32
884 32
658 46
503 32
795 32
628 32
350 32
856 32
66 32
725 32
213 111
614 32
647 58
166 32
767 32
335 32
156 47
677 10
1027 32
611 32
242 32
763 32
1005 32
564 58
271 46
910 32
956 32
1022 32
299 80
518 59
320 45
818 32
105 32
244 56
378 44
304 32
573 58
784 94
161 32
860 96
1011 44
169 32
550 32
896 32
740 39
301 32
696 32
108 32
231 41
568 32
212 111
972 32
553 95
803 124
979 32
15 32
511 32
396 32
424 32
123 32
391 41
151 32
402 47
309 32
570 44
1015 95
317 32
280 96
895 32
106 32
542 32
908 32
225 39
155 32
966 32
750 32
540 32
214 111
977 32
713 32
876 32
507 32
719 10
824 94
437 32
791 32
252 32
994 32
439 32
337 44
54 95
816 96
404 92
72 44
744 95
634 32
258 34
862 32
112 32
207 32
1028 32
187 32
731 32
310 32
787 95
782 45
162 32
656 32
352 40
874 32
595 124
315 32
557 32
789 39
532 32
889 32
1044 39
453 32
734 45
374 40
567 32
1 32
369 96
496 46
466 32
970 32
277 10
322 45
504 32
232 32
1010 32
1021 32
314 47
354 10
267 96
683 32
330 95
651 58
710 32
650 32
581 32
412 32
23 95
349 32
482 32
215 111
1046 32
0 32
263 56
872 32
1039 95
939 32
483 32
761 32
976 32
596 32
607 34
809 32
115 32
799 32
291 96
526 32
1048 10
294 32
319 96
300 32
820 32
130 92
665 32
59 32
481 32
98 32
356 32
547 58
847 32
655 32
790 32
681 32
962 32
749 32
815 32
325 40
490 32
898 32
261 34
610 32
861 32
182 40
742 95
559 32
48 32
297 32
623 32
722 32
392 32
524 32
435 32
578 46
769 32
425 32
302 32
241 46
945 32
697 32
95 44
604 32
778 32
172 32
629 10
747 47
253 32
558 32
49 32
805 10
800 32
846 124
969 92
709 32
206 32
135 32
522 32
441 32
1029 32
498 32
680 32
420 44
527 32
741 124
698 32
760 41
71 32
695 58
510 10
407 44
239 41
705 124
842 32
776 92
584 32
202 46
753 32
367 45
868 32
224 44
448 39
395 32
792 32
901 32
636 124
428 32
234 32
662 32
999 32
47 32
1004 32
638 32
643 32
46 39
318 32
358 32
508 124
493 32
762 10
931 32
932 32
974 32
18 32
694 32
877 32
293 56
102 32
346 32
279 40
368 46
571 46
474 32
417 92
303 32
455 32
257 34
399 32
715 32
240 96
440 59
24 95
737 95
32 32
454 32
537 32
541 32
605 32
515 32
136 32
661 32
708 32
248 56
641 32
246 34
200 44
339 32
654 32
765 32
30 32
1035 45
869 32
186 59
328 32
68 32
111 32
62 32
598 32
716 32
143 10
775 32
282 39
942 32
501 32
852 32
64 32
43 32
921 32
387 32
286 96
284 32
129 32
659 32
673 45
574 34
963 32
204 32
405 79
523 44
759 32
259 34
457 45
100 32
51 32
164 32
4 32
397 32
642 32
729 32
897 32
612 32
968 32
730 32
593 32
871 32
122 32
243 100
56 10
951 32
210 32
556 124
398 32
670 46
834 32
190 32
686 32
341 45
637 32
133 32
525 32
993 32
957 10
953 32
452 32
149 32
916 32
92 32
973 32
139 44
975 32
748 32
442 32
517 95
290 32
679 32
192 39
160 32
505 32
191 47
127 32
599 46
78 32
26 10
891 32
907 32
720 32
796 32
949 32
608 34
768 32
1038 95
176 32
492 32
981 39
196 32
601 32
21 95
366 45
560 32
941 32
894 32
469 124
146 32
121 32
757 32
477 32
444 45
617 32
468 32
726 96
506 32
13 32
711 32
484 45
653 32
835 32
552 32
389 32
193 92
732 92
126 32
1007 32
955 47
739 45
450 32
101 32
163 32
888 47
170 32
903 32
218 32
344 46
827 45
228 96
9 32
965 32
221 92
940 32
99 10
961 32
938 32
1049 10
403 32
57 32
685 32
371 32
283 32
783 45
479 124
788 44
94 32
183 32
806 32
854 32
917 32
459 45
657 95
923 32
539 32
427 32
266 32
813 59
380 45
73 39
684 124
512 32
893 32
91 32
375 32
640 59
274 34
848 10
262 89
998 32
363 32
158 32
16 32
351 32
990 32
462 32
704 39
828 39
930 32
620 32
633 32
909 95
485 39
401 32
236 41
648 32
991 32
1001 32
205 32
937 32
458 45
644 32
384 32
947 96
779 32
1032 32
925 32
839 44
736 95
883 32
413 32
502 32
746 45
311 32
276 32
80 32
770 92
603 32
808 32
997 32
446 32
892 32
433 32
343 45
379 45
436 32
383 32
1042 45
188 10
63 32
812 32
385 32
421 39
983 32
890 10
227 32
1026 32
312 32
75 32
495 96
179 32
116 32
807 32
84 32
772 32
45 45
688 32
159 32
718 32
35 32
473 32
500 32
400 32
125 32
268 39
675 46
28 32
672 39
40 32
423 32
597 32
1017 39
33 32
110 32
478 32
590 45
591 39
882 32
589 45
285 32
340 44
198 32
422 32
735 46
128 32
996 32
543 32
514 32
576 96
197 32
928 32
886 32
794 32
1034 96
67 32
250 32
114 39
944 32
251 32
572 58
785 34
334 32
693 32
952 32
229 45
313 32
475 32
1018 32
1040 46
167 32
771 32
780 32
919 32
238 32
905 32
857 92
929 32
25 32
575 32
1041 45
219 32
372 32
755 32
418 79
65 32
544 32
853 32
87 32
288 39
134 32
692 32
582 32
797 32
1024 32
226 32
321 45
865 32
666 124
703 44
855 32
432 10
81 32
764 32
841 32
145 32
181 47
364 41
10 32
287 89
431 32
723 32
74 32
209 32
922 47
203 32
980 32
22 95
247 89
141 92
140 46
390 32
880 32
245 80
137 32
348 32
551 32
178 32
823 45
1020 32
913 32
195 32
256 80
307 96
513 32
180 32
631 32
943 32
79 32
1000 32
639 58
1043 45
533 32
615 32
36 32
342 45
1025 32
3 32
6 32
8 32
360 32
275 39
373 32
602 32
361 32
357 32
992 32
616 32
727 32
583 32
1002 96
885 32
829 32
329 95
546 32
292 89
157 32
426 32
712 32
838 32
864 32
447 44
50 32
278 32
86 46
911 95
1003 46
152 32
1009 32
920 32
497 32
811 32
306 32
626 96
199 32
124 32
1045 32
460 39
463 32
233 10
520 32
386 32
566 95
93 32
480 32
491 32
613 32
406 95
562 96
264 46
832 32
89 32
88 32
438 32
488 32
410 41
476 32
174 32
985 32
104 32
324 46
370 46
61 32
689 46
1030 32
663 32
565 46
630 32
